3.545951 0.000000
-3.853307 4.853307
1.066778 0.000000
-2.357350 3.357350
0.045412 0.954588
-7.295921 8.295921
-1.560208 2.560208
3.275766 0.000000
-3.329021 4.329021
-3.036608 4.036608
2.762162 0.000000
5.247463 0.000000
-2.146523 3.146523
3.971210 0.000000
-2.933203 3.933203
-0.349541 1.349541
8.523935 0.000000
3.654485 0.000000
4.311103 0.000000
5.024194 0.000000
-0.756364 1.756364
0.723045 0.276955
3.357327 0.000000
0.083762 0.916238
-2.334133 3.334133
-0.066966 1.066966
1.894411 0.000000
2.862699 0.000000
-1.559413 2.559413
-9.367408 10.367408
-3.466949 4.466949
0.747843 0.252157
0.726876 0.273124
9.288547 0.000000
-1.499541 2.499541
2.757092 0.000000
0.319181 0.680819
-0.689614 1.689614
8.474137 0.000000
5.510253 0.000000
5.188814 0.000000
9.188364 0.000000
2.467409 0.000000
1.743280 0.000000
7.808265 0.000000
1.531252 0.000000
3.767727 0.000000
0.089486 0.910514
0.384812 0.615188
2.434464 0.000000
2.742157 0.000000
5.727786 0.000000
8.203328 0.000000
4.174897 0.000000
3.817139 0.000000
1.399175 0.000000
9.326447 0.000000
9.900853 0.000000
1.845278 0.000000
-2.713741 3.713741
12.275314 0.000000
-1.592154 2.592154
12.681396 0.000000
1.013123 0.000000
0.022960 0.977040
4.064507 0.000000
0.842053 0.157947
5.622756 0.000000
9.035034 0.000000
1.455148 0.000000
0.068733 0.931267
6.993397 0.000000
1.835432 0.000000
5.084194 0.000000
0.935927 0.064073
-0.204980 1.204980
2.826605 0.000000
2.754683 0.000000
-0.111474 1.111474
2.221452 0.000000
3.898714 0.000000
4.113405 0.000000
0.145181 0.854819
-0.480502 1.480502
-0.202209 1.202209
9.932714 0.000000
7.413063 0.000000
5.896551 0.000000
1.900865 0.000000
3.103612 0.000000
5.826728 0.000000
4.248497 0.000000
5.952627 0.000000
3.863831 0.000000
1.112381 0.000000
3.692365 0.000000
4.180555 0.000000
3.063889 0.000000
3.692155 0.000000
4.482577 0.000000
6.917938 0.000000
3.782253 0.000000
2.428840 0.000000
3.506353 0.000000
7.211303 0.000000
9.788123 0.000000
4.712034 0.000000
2.918613 0.000000
6.605710 0.000000
4.244398 0.000000
8.754790 0.000000
4.325828 0.000000
0.309150 0.690850
8.850357 0.000000
6.242061 0.000000
3.124012 0.000000
-3.637855 4.637855
13.866151 0.000000
2.276508 0.000000
9.106077 0.000000
8.089353 0.000000
1.198976 0.000000
-0.176826 1.176826
7.940592 0.000000
4.304502 0.000000
3.701548 0.000000
6.409586 0.000000
1.133766 0.000000
3.202128 0.000000
1.594234 0.000000
1.492629 0.000000
5.470476 0.000000
7.842241 0.000000
11.454083 0.000000
6.566041 0.000000
6.571703 0.000000
2.017268 0.000000
1.613605 0.000000
0.857691 0.142309
-1.140194 2.140194
7.097959 0.000000
2.379785 0.000000
2.195827 0.000000
1.388204 0.000000
8.402586 0.000000
5.383667 0.000000
2.217263 0.000000
6.305659 0.000000
8.004002 0.000000
5.803828 0.000000
3.189306 0.000000
11.475745 0.000000
6.208695 0.000000
10.307342 0.000000
4.302860 0.000000
3.917681 0.000000
6.563599 0.000000
3.951798 0.000000
5.095126 0.000000
5.145035 0.000000
7.509631 0.000000
4.095442 0.000000
3.807221 0.000000
9.197560 0.000000
3.930630 0.000000
9.740061 0.000000
3.305804 0.000000
10.259085 0.000000
7.867280 0.000000
7.907596 0.000000
-2.537579 3.537579
7.306033 0.000000
4.399072 0.000000
4.685490 0.000000
11.875009 0.000000
5.021898 0.000000
15.070577 0.000000
7.810814 0.000000
11.615040 0.000000
7.832783 0.000000
8.831331 0.000000
4.103350 0.000000
3.583866 0.000000
14.500547 0.000000
3.374395 0.000000
7.088720 0.000000
3.382797 0.000000
2.361760 0.000000
5.301700 0.000000
