2.804512 0.000000
4.436163 0.000000
1.621286 0.000000
-1.295072 0.000000
1.415595 2.415595
2.346238 0.000000
-3.805727 0.000000
-1.008383 0.000000
2.965670 0.000000
-1.770784 0.000000
0.347622 1.347622
1.692223 0.000000
-1.042679 0.000000
8.410072 0.000000
-1.004692 0.000000
3.851396 0.000000
3.147559 0.000000
-3.073117 0.000000
-2.812139 0.000000
-0.883191 1.883191
1.882162 0.000000
0.215603 0.784397
3.678954 0.000000
-1.145328 2.145328
-2.996464 0.000000
9.081513 0.000000
-1.744265 0.000000
0.233669 1.233669
-0.079820 1.079820
3.249929 0.000000
-2.647271 0.000000
-2.261840 0.000000
